Connected to 127.0.0.1:7000.
Running Session #0:
x = 4
x = 4.000000

y = x + 7
x = 4.000000
y = 11.000000

z = x * y
x = 4.000000
y = 11.000000
z = 44.000000
